City,Cloudiness,Country,Date,Humidity,Lat,Lng,Max Temp,Wind speed
shache,1,CN,1562866978,66,38.42,77.24,88.0,1.01
fairbanks,90,US,1562866833,88,64.84,-147.72,66.99,6.93
rikitea,69,PF,1562866978,82,-23.12,-134.97,73.65,17.27
solina,0,BA,1562866978,43,44.56,18.7,71.6,1.12
victoria,75,BN,1562866978,88,5.28,115.24,78.8,7.96
kapaa,75,US,1562866978,78,22.08,-159.32,80.6,12.75
port-gentil,75,GA,1562866979,83,-0.72,8.78,77.0,9.17
broome,20,GB,1562866979,64,52.47,1.45,77.0,6.93
mar del plata,24,AR,1562866979,54,-46.43,-67.52,46.65,13.4
aksu,0,KZ,1562866979,59,52.04,76.93,62.6,11.18
albany,90,US,1562866884,74,42.65,-73.75,84.99,10.29
port hardy,75,CA,1562866855,87,50.7,-127.42,60.8,6.93
mataura,82,NZ,1562866726,93,-46.19,168.86,43.0,5.01
tatvan,0,TR,1562866980,33,38.5,42.28,66.09,3.42
adrar,32,DZ,1562866980,8,27.87,-0.29,114.8,6.93
piney green,75,US,1562866980,59,35.09,-78.48,91.99,6.93
faanui,0,PF,1562866980,69,-16.48,-151.75,77.97,9.13
torbay,90,CA,1562866980,87,47.66,-52.73,52.0,13.87
mahebourg,20,MU,1562866689,82,-20.41,57.7,68.0,5.82
port elizabeth,75,US,1562866981,62,39.31,-74.98,91.0,8.05
cidreira,100,BR,1562866981,58,-30.17,-50.22,70.05,4.74
gambela,91,ET,1562866981,99,8.25,34.59,67.17,7.38
ponta do sol,0,BR,1562866981,39,-20.63,-46.0,70.59,5.84
atuona,59,PF,1562866981,78,-9.8,-139.03,80.85,20.78
rupert,1,US,1562866981,30,42.62,-113.68,80.6,8.05
barraute,75,CA,1562866843,73,48.43,-77.63,71.6,6.93
kouroussa,16,GN,1562866982,83,10.65,-9.88,80.31,2.71
san clemente,1,US,1562866907,68,33.43,-117.61,86.0,5.86
kingaroy,0,AU,1562866982,50,-26.54,151.84,55.0,1.01
saskylakh,100,RU,1562866982,95,71.97,114.09,53.67,1.9
bam,2,IR,1562866982,41,29.11,58.36,73.83,6.73
ushuaia,75,AR,1562866982,93,-54.81,-68.31,39.2,19.46
port alfred,0,ZA,1562866791,86,-33.59,26.89,66.0,10.0
yulara,100,AU,1562866983,31,-25.24,130.99,48.2,1.12
ribeira grande,20,PT,1562866983,78,38.52,-28.7,73.4,4.7
barrow,100,AR,1562866983,59,-38.31,-60.23,58.89,0.96
kurilsk,95,RU,1562866983,85,45.23,147.88,49.71,12.37
sandwick,26,GB,1562866983,72,54.57,-2.89,66.99,17.22
kem,75,UG,1562866983,88,2.68,33.77,66.99,4.32
akureyri,75,IS,1562866984,76,65.68,-18.09,53.6,10.29
souillac,0,FR,1562866805,32,45.6,-0.6,84.2,14.99
lucapa,0,AO,1562866984,24,-8.42,20.74,75.99,4.07
pangnirtung,75,CA,1562866984,59,66.15,-65.72,62.6,3.36
new norfolk,75,AU,1562866984,87,-42.78,147.06,45.0,12.75
warrington,75,GB,1562866984,100,53.39,-2.59,70.0,10.29
kaitangata,70,NZ,1562866785,91,-46.28,169.85,39.99,3.0
aripuana,23,BR,1562866985,37,-9.17,-60.63,92.01,3.89
tombouctou,0,ML,1562866985,26,16.77,-3.01,98.49,8.95
tsabong,0,BW,1562866985,45,-26.02,22.4,57.09,3.29
hofn,20,IS,1562866985,59,64.25,-15.21,60.8,5.82
vaini,100,IN,1562866985,90,15.34,74.49,76.89,0.87
punta arenas,90,CL,1562866735,93,-53.16,-70.91,41.0,11.41
pevek,48,RU,1562866986,65,69.7,170.27,47.73,7.94
bredasdorp,0,ZA,1562866986,71,-34.53,20.04,57.2,9.17
alibag,75,IN,1562866987,88,18.64,72.88,82.4,5.82
dudinka,0,RU,1562866987,62,69.41,86.18,53.6,6.71
te anau,100,NZ,1562866987,86,-45.41,167.72,42.87,3.78
the valley,40,AI,1562866945,58,18.22,-63.06,88.0,16.11
mingshui,100,CN,1562866988,95,22.81,109.89,77.97,4.65
lockhart,90,AU,1562866988,87,-35.22,146.72,48.2,10.29
oriximina,0,BR,1562866988,54,-1.77,-55.87,88.59,7.27
hobyo,17,SO,1562866988,71,5.35,48.53,78.87,21.92
turbat,30,PK,1562866988,79,26.0,63.05,81.39,5.73
salaga,90,GH,1562866988,75,8.55,-0.52,80.85,4.5
sheregesh,66,RU,1562866989,93,52.93,87.98,54.93,2.51
east london,0,ZA,1562866989,82,-33.02,27.91,64.4,4.7
butaritari,47,KI,1562866989,75,3.07,172.79,83.91,10.96
cabo san lucas,5,MX,1562866989,55,22.89,-109.91,98.01,8.05
geraldton,40,CA,1562866989,49,49.72,-86.95,68.0,8.05
mudkhed,100,IN,1562866989,80,19.15,77.51,79.05,7.38
kavieng,100,PG,1562866813,78,-2.57,150.8,81.75,13.22
kushima,94,JP,1562866990,88,31.5,131.29,73.0,8.99
bluff,0,AU,1562866765,56,-23.58,149.07,54.75,1.61
busselton,61,AU,1562866990,71,-33.64,115.35,48.0,12.26
poso,100,ID,1562866990,94,-1.4,120.75,59.25,3.29
kloulklubed,75,PW,1562866990,83,7.04,134.26,80.6,8.05
arraial do cabo,0,BR,1562866991,47,-22.97,-42.02,77.0,4.7
ahipara,42,NZ,1562866991,83,-35.17,173.16,61.23,24.52
saint-philippe,40,CA,1562866991,94,45.36,-73.48,77.0,11.41
kaduna,69,NG,1562866991,89,10.52,7.44,72.57,4.09
mujiayingzi,82,CN,1562866991,84,42.12,118.78,58.53,5.19
bambous virieux,20,MU,1562866992,82,-20.34,57.76,68.0,5.82
jiwani,17,PK,1562866992,81,25.05,61.74,84.63,8.7
puerto ayora,75,EC,1562866727,69,-0.74,-90.35,77.0,17.22
arlit,26,NE,1562866992,6,18.74,7.39,107.13,7.07
fortuna,90,US,1562866992,88,40.6,-124.16,73.99,5.82
yellowknife,90,CA,1562866701,63,62.45,-114.38,60.8,4.7
little current,90,CA,1562866992,77,45.98,-81.93,69.01,11.41
hilo,20,US,1562866992,83,19.71,-155.08,81.0,4.7
rockingham,32,GB,1562866993,60,52.52,-0.72,75.99,14.99
ciudad bolivar,9,VE,1562866993,44,8.12,-63.55,90.21,6.8
ilulissat,75,GL,1562866993,81,69.22,-51.1,44.6,6.93
raudeberg,40,NO,1562866993,77,61.99,5.14,71.6,4.7
moerai,19,PF,1562866993,94,-22.43,-151.33,73.65,7.05
labuhan,14,ID,1562866994,96,-2.54,115.51,71.13,1.39
mao,40,DO,1562866994,55,19.55,-71.08,93.2,16.11
upernavik,83,GL,1562866994,72,72.79,-56.15,44.85,4.92
sontra,75,DE,1562866994,93,51.07,9.94,64.0,5.82
clyde river,90,CA,1562866994,76,70.47,-68.59,48.2,12.75
qaanaaq,5,GL,1562866995,47,77.48,-69.36,45.93,4.29
malindi,40,KE,1562866995,78,-3.22,40.12,78.8,18.34
luderitz,0,NA,1562866995,87,-26.65,15.16,53.6,4.7
alugan,65,PH,1562866995,92,12.22,125.48,74.55,1.86
gisborne,0,NZ,1562866802,74,-38.66,178.02,46.99,1.01
niquero,99,CU,1562866995,77,20.04,-77.58,84.45,13.67
kilindoni,17,TZ,1562866996,78,-7.91,39.67,78.33,19.95
trapani,20,IT,1562866996,94,38.02,12.54,82.99,11.41
esperance,75,AU,1562866996,100,-33.86,121.89,48.2,8.05
khatanga,19,RU,1562866996,66,71.98,102.47,47.37,7.38
nelson bay,0,AU,1562866996,58,-32.72,152.14,57.99,17.22
vao,28,EE,1562866996,63,59.1,26.19,51.51,3.89
sioux lookout,75,CA,1562866997,50,50.1,-91.92,75.2,6.93
aklavik,90,CA,1562866997,70,68.22,-135.01,46.4,12.75
dikson,100,RU,1562866997,96,73.51,80.55,32.97,3.98
la ronge,90,CA,1562866997,93,55.1,-105.3,59.0,6.93
castro,75,CL,1562866997,100,-42.48,-73.76,46.4,10.29
nanortalik,99,GL,1562866997,91,60.14,-45.24,40.17,6.13
severo-kurilsk,100,RU,1562866997,96,50.68,156.12,42.69,11.21
belmonte,0,PT,1562866998,24,40.36,-7.35,97.0,4.36
ushtobe,0,KZ,1562866998,26,45.25,77.98,77.61,20.8
santa rosa,100,AR,1562866998,47,-36.62,-64.29,59.97,2.64
bangassou,67,CF,1562866998,97,4.74,22.82,70.23,2.89
tateyama,97,JP,1562866998,72,36.66,137.31,75.99,8.99
amapa,20,HN,1562866999,49,15.09,-87.97,93.99,5.82
oksfjord,0,NO,1562866999,48,70.24,22.35,64.4,10.29
dessau,20,DE,1562866999,46,51.83,12.24,72.0,4.7
rothesay,75,CA,1562866999,46,45.38,-65.99,75.2,5.82
sungaipenuh,75,ID,1562866999,95,-2.08,101.38,72.03,2.98
vestmannaeyjar,75,IS,1562866999,87,63.44,-20.27,53.6,17.22
vanimo,95,PG,1562867000,80,-2.67,141.3,79.59,7.78
semme,0,FR,1562867000,53,46.2,1.5,79.0,4.7
mantua,40,IT,1562866702,47,45.16,10.79,82.4,3.36
brooks,23,CA,1562867000,55,50.57,-111.89,72.21,7.29
bonavista,100,CA,1562867000,82,48.65,-53.11,50.0,8.99
sur,74,OM,1562866991,49,22.57,59.53,86.79,9.82
sambava,33,MG,1562867000,95,-14.27,50.17,65.37,2.13
bethel,90,US,1562866997,88,60.79,-161.76,64.4,5.82
hermanus,69,ZA,1562867001,94,-34.42,19.24,59.0,1.01
wattegama,100,LK,1562867001,97,7.35,80.68,73.29,1.66
avarua,0,CK,1562866706,100,-21.21,-159.78,68.0,2.24
chokurdakh,99,RU,1562867001,93,70.62,147.9,56.19,13.65
benguela,0,AO,1562867001,88,-12.58,13.4,69.8,11.41
chicama,20,PE,1562867001,77,-7.84,-79.15,66.2,13.87
palana,66,RU,1562867001,80,59.08,159.95,54.03,2.35
namatanai,100,PG,1562867002,82,-3.66,152.44,77.79,19.8
omsukchan,0,RU,1562867002,55,62.53,155.8,60.87,3.98
cape town,40,ZA,1562867002,82,-33.93,18.42,59.0,2.24
kahului,20,US,1562867002,65,20.89,-156.47,80.6,13.87
prince rupert,90,CA,1562867002,87,54.32,-130.32,60.8,6.93
namibe,30,AO,1562867003,88,-15.19,12.15,65.91,12.93
brigantine,40,US,1562867003,66,39.41,-74.36,89.01,11.41
tuatapere,97,NZ,1562867003,93,-46.13,167.69,43.0,5.01
havoysund,0,NO,1562867003,47,71.0,24.66,59.0,9.17
mabaruma,67,GY,1562867003,91,8.2,-59.78,79.23,5.01
codrington,0,AU,1562867004,87,-28.95,153.24,57.99,8.05
vila velha,20,BR,1562867004,62,-3.71,-38.6,86.0,17.22
provideniya,0,RU,1562866911,49,64.42,-173.23,67.17,0.92
westport,1,US,1562866809,61,41.14,-73.36,87.01,9.17
tommot,74,RU,1562867004,96,58.97,126.27,58.53,1.72
new ulm,40,US,1562867004,60,44.31,-94.46,79.0,5.82
kumbo,85,CM,1562867004,95,6.21,10.69,63.57,1.88
jamestown,100,AU,1562867005,83,-33.21,138.6,50.97,18.03
itoman,75,JP,1562867005,83,26.12,127.67,80.6,11.41
tuktoyaktuk,90,CA,1562867005,86,69.44,-133.03,39.2,11.41
ratnagiri,100,IN,1562866946,85,16.98,73.3,81.57,15.84
mount gambier,75,AU,1562866748,100,-37.83,140.78,51.8,19.46
magadan,0,RU,1562867005,80,59.56,150.8,52.23,4.36
constitucion,5,MX,1562867005,29,23.99,-104.67,78.01,12.75
oda,79,JP,1562867006,90,35.19,132.5,72.39,25.7
pyay,100,MM,1562867006,88,18.82,95.22,77.25,5.14
thompson,90,CA,1562866904,93,55.74,-97.86,57.2,3.36
colares,0,PT,1562867006,33,38.8,-9.45,95.0,18.34
faya,20,SA,1562867006,43,18.39,42.45,75.2,9.17
mayo,90,CA,1562867006,87,63.59,-135.9,59.0,3.36
nuoro,40,IT,1562867007,66,40.32,9.33,86.0,4.7
fort nelson,20,CA,1562867007,49,58.81,-122.69,68.0,4.7
marand,20,IR,1562867007,23,38.43,45.77,82.4,4.7
bayan,61,CN,1562867007,85,36.1,102.26,45.57,2.84
yangambi,100,CD,1562867007,93,0.77,24.47,72.75,1.05
turukhansk,61,RU,1562867008,58,65.8,87.96,55.83,8.55
san patricio,12,PY,1562867008,59,-26.98,-56.83,77.61,5.99
partizanskoye,0,RU,1562867008,73,53.35,78.35,61.59,7.27
quatre cocos,20,MU,1562867008,82,-20.21,57.76,68.0,5.82
nueva loja,75,EC,1562866963,69,0.08,-76.88,87.8,4.7
koraput,100,IN,1562867008,88,18.81,82.72,74.55,8.08
adelaide,75,AU,1562866814,87,-34.93,138.6,55.99,20.8
linqiong,40,CN,1562867009,88,30.42,103.46,71.6,2.24
oranjemund,0,ZA,1562867009,85,-28.55,16.43,56.55,6.96
pangkalanbuun,57,ID,1562866759,98,-2.68,111.62,73.11,3.06
tilichiki,8,RU,1562867009,90,60.47,166.1,50.07,3.74
georgetown,75,GY,1562867009,83,6.8,-58.16,86.0,6.93
broken hill,12,AU,1562867009,71,-31.97,141.45,51.8,12.75
bathsheba,40,BB,1562867009,58,13.22,-59.52,87.8,19.46
sola,68,TZ,1562867010,37,-3.17,33.8,75.99,12.17
hobart,75,AU,1562866775,87,-42.88,147.33,44.6,12.75
nola,100,CF,1562867010,98,3.52,16.05,70.59,1.41
sangmelima,100,CM,1562867010,98,2.93,11.98,67.71,3.51
dunedin,49,NZ,1562866794,88,-45.87,170.5,46.99,15.01
bosaso,14,SO,1562867010,68,11.28,49.18,87.69,8.39
hithadhoo,49,MV,1562867010,73,-0.6,73.08,84.81,11.01
bara,46,NG,1562867011,81,10.41,10.6,76.17,11.27
sitka,14,US,1562866962,55,37.17,-99.65,82.0,3.0
saldanha,0,PT,1562867011,21,41.42,-6.55,92.37,2.55
cherskiy,66,RU,1562867011,46,68.75,161.3,74.19,4.18
college,90,US,1562867011,88,64.86,-147.8,72.0,6.93
peleduy,0,RU,1562867011,73,59.63,112.75,62.49,3.13
nikolskoye,0,RU,1562866915,50,59.7,30.79,55.4,2.24
puksoozero,88,RU,1562867012,93,62.59,40.61,43.59,3.96
khorixas,0,NA,1562867012,24,-20.37,14.96,63.39,5.23
doha,0,QA,1562866832,67,25.29,51.53,100.4,2.24
buala,100,SB,1562867012,84,-8.15,159.59,79.59,10.85
saint george,20,GR,1562867012,50,39.45,22.34,75.2,12.75
touros,40,BR,1562867012,66,-5.2,-35.46,84.2,11.41
imeni poliny osipenko,100,RU,1562867013,97,52.42,136.49,56.37,5.14
peniche,0,PT,1562867013,51,39.36,-9.38,97.0,12.75
bundaberg,0,AU,1562867013,93,-24.87,152.35,54.0,6.93
carnarvon,0,ZA,1562867013,19,-30.97,22.13,58.71,12.48
auki,78,NG,1562867013,68,12.18,6.51,80.49,11.9
kruisfontein,0,ZA,1562867014,83,-34.0,24.73,54.75,12.71
assiniboia,78,CA,1562867014,51,49.63,-105.99,77.07,13.06
lodja,100,CD,1562867014,57,-3.52,23.6,79.23,2.73
joshimath,97,IN,1562867014,92,30.57,79.57,57.45,1.57
tasiilaq,40,GL,1562867014,75,65.61,-37.64,44.6,11.41
sao filipe,50,CV,1562867014,82,14.9,-24.5,72.21,11.99
derzhavinsk,91,KZ,1562867015,34,51.1,66.31,76.71,10.71
sao joao da barra,0,BR,1562867015,39,-21.64,-41.05,82.4,4.7
palmas bellas,20,PA,1562867015,74,9.23,-80.09,90.0,6.93
igarka,68,RU,1562867015,50,67.47,86.57,57.27,11.32
domodossola,20,IT,1562867015,61,46.12,8.29,77.0,4.7
beringovskiy,0,RU,1562867015,65,63.05,179.32,60.51,3.94
kamina,0,CD,1562867016,31,-8.74,25.0,70.23,4.72
noumea,0,NC,1562867016,93,-22.28,166.46,59.0,2.24
teya,75,MX,1562867016,62,21.05,-89.07,96.01,8.05
port lincoln,100,AU,1562867016,71,-34.72,135.86,57.27,33.69
linares,0,CL,1562867006,60,-35.85,-71.6,58.17,2.13
lata,96,IN,1562867016,90,30.78,78.62,46.47,1.66
rocha,100,UY,1562866766,79,-34.48,-54.34,62.85,5.23
berdigestyakh,83,RU,1562867009,77,62.1,126.7,60.69,3.76
melfi,40,IT,1562867017,38,41.0,15.66,73.4,11.41
dayong,20,CN,1562867017,88,25.02,118.29,80.6,4.47
berlevag,0,NO,1562867017,76,70.86,29.09,51.8,13.87
san cristobal,40,HN,1562866835,43,14.68,-86.92,86.07,8.66
margate,75,AU,1562867017,87,-43.03,147.26,45.0,12.75
cape canaveral,40,US,1562866948,62,28.41,-80.6,93.99,13.87
sonoita,1,US,1562867017,14,31.68,-110.66,102.0,8.05
hirara,0,JP,1562867018,84,24.8,125.28,83.73,18.79
glenluce,40,GB,1562867018,79,54.88,-4.81,64.99,4.63
laguna de duero,0,ES,1562867018,18,41.58,-4.72,95.0,4.7
lasa,0,CY,1562867018,83,34.92,32.53,87.01,8.05
registro,62,BR,1562867018,48,-24.5,-47.84,77.61,1.03
antofagasta,90,CL,1562866811,72,-23.65,-70.4,59.0,10.29
gat,20,SN,1562867019,65,14.69,-16.54,82.4,17.22
cumberland,75,US,1562867019,62,41.97,-71.43,84.2,12.75
port hedland,40,AU,1562867019,26,-20.31,118.58,71.6,8.05
tessalit,22,ML,1562867019,12,20.2,1.01,105.51,11.07
narsaq,75,GL,1562867019,66,60.91,-46.05,51.8,5.82
contamana,5,PE,1562867019,31,-7.35,-75.01,98.13,1.5
alofi,35,NU,1562867020,100,-19.06,-169.92,73.4,15.9
grand forks,1,US,1562867020,69,47.91,-97.06,80.6,14.99
nome,40,US,1562867020,63,30.04,-94.42,93.2,9.17
vaasa,0,FI,1562867020,47,63.1,21.62,57.99,9.17
nemuro,100,JP,1562867020,91,43.32,145.57,52.41,13.8
paamiut,84,GL,1562867020,91,61.99,-49.67,42.69,6.31
mersing,0,MY,1562867021,93,2.43,103.84,74.19,1.88
guerrero negro,0,MX,1562867021,85,27.97,-114.04,67.17,15.9
zyryanka,32,RU,1562867021,65,65.73,150.89,71.13,0.89
conakry,36,GN,1562867021,81,9.52,-13.7,79.95,12.39
leningradskiy,33,RU,1562867021,68,69.38,178.42,49.35,8.68
kodiak,1,US,1562866776,22,39.95,-94.76,84.0,11.41
lebu,17,ET,1562867022,81,8.96,38.73,58.71,2.39
soria,0,ES,1562867022,28,41.76,-2.46,87.01,1.99
coquimbo,88,CL,1562867022,45,-29.95,-71.34,54.0,5.53
longyearbyen,75,NO,1562867022,76,78.22,15.63,48.2,6.93
lodwar,73,KE,1562867022,32,3.12,35.6,89.13,18.95
novoagansk,87,RU,1562867023,61,61.94,76.66,69.51,13.62
lorengau,98,PG,1562866936,83,-2.02,147.27,77.79,7.81
salalah,90,OM,1562867023,88,17.01,54.1,80.6,9.17
poum,40,MK,1562866878,52,41.28,20.71,69.8,2.24
okhotsk,0,RU,1562867023,90,59.36,143.24,48.09,0.27
atambua,0,ID,1562867023,74,-9.11,124.89,76.17,17.18
sovetskiy,58,RU,1562867023,92,56.76,48.47,54.21,3.44
east wenatchee bench,1,US,1562867024,40,47.43,-120.28,78.8,11.41
manoel urbano,1,BR,1562867024,36,-8.84,-69.26,95.07,1.83
atocha,0,AR,1562867024,46,-24.82,-65.48,73.4,5.82
mae sai,20,MM,1562867024,78,20.44,99.89,80.6,9.17
diego de almagro,27,CL,1562867024,57,-26.39,-70.05,60.51,9.26
evensk,0,RU,1562867024,69,61.92,159.24,63.75,2.77
rio gallegos,90,AR,1562866851,100,-51.62,-69.22,37.4,2.24
ponta delgada,20,PT,1562867025,73,37.73,-25.67,73.4,6.93
knokke-heist,0,BE,1562867025,68,51.33,3.33,75.99,8.05
bilibino,92,RU,1562867025,42,68.06,166.44,70.23,5.17
cermik,0,TR,1562867025,26,38.14,39.45,84.2,4.7
ornskoldsvik,83,SE,1562867025,45,63.29,18.72,62.6,9.17
avera,40,US,1562866834,59,33.19,-82.53,91.99,8.05
along,100,IN,1562867026,99,28.17,94.8,57.99,1.86
methoni,20,GR,1562867026,45,36.82,21.7,84.2,11.41
touba,51,SN,1562867026,34,14.86,-15.88,90.93,15.68
baiyin,0,CN,1562867026,76,36.55,104.13,57.2,2.24
pronsk,89,RU,1562867026,59,54.12,39.61,61.0,2.84
bilma,49,NE,1562867026,7,18.69,12.92,97.05,2.42
tamugan,75,PH,1562867027,94,7.23,125.38,77.0,2.24
xining,76,CN,1562866915,83,36.62,101.77,41.25,3.58
patiya,90,BD,1562867027,94,22.3,91.98,80.6,19.66
popondetta,74,PG,1562867027,53,-8.77,148.24,58.89,5.44
ostrovnoy,100,RU,1562866849,96,68.05,39.51,39.81,30.33
chuy,100,UY,1562866883,84,-33.69,-53.46,58.71,7.67
maua,58,KE,1562867027,93,0.23,37.94,50.79,7.36
plastun,89,RU,1562867027,95,44.76,136.29,52.41,1.25
qaqortoq,75,GL,1562867028,66,60.72,-46.03,51.8,5.82
ajdabiya,0,LY,1562867028,73,30.75,20.22,80.49,14.88
nsoko,0,ZA,1562867028,68,-27.07,31.93,66.2,4.5
karratha,70,AU,1562867028,28,-20.74,116.85,68.79,10.54
chifeng,44,CN,1562867028,73,42.27,118.96,61.41,3.22
cabedelo,40,BR,1562867028,65,-6.97,-34.84,82.4,14.99
baykit,3,RU,1562867029,74,61.68,96.39,47.37,5.66
rehoboth,0,NA,1562867029,49,-23.31,17.08,50.79,2.68
ancud,75,CL,1562867029,100,-41.87,-73.83,46.4,10.29
lagoa,0,PT,1562867029,61,37.14,-8.45,82.99,8.05
general pico,100,AR,1562867029,48,-35.66,-63.75,60.51,5.28
mogadishu,99,SO,1562867030,84,2.04,45.34,77.07,11.27
mandalgovi,79,MN,1562866783,52,45.76,106.27,68.25,4.9
ust-kuyga,25,RU,1562867030,71,70.0,135.55,54.39,3.31
puerto narino,75,CO,1562867030,70,-3.77,-70.38,86.0,4.7
chuguyevka,83,RU,1562867030,97,44.17,133.87,56.91,0.87
alnashi,13,RU,1562867030,94,56.18,52.48,55.83,6.91
north bend,90,US,1562867031,88,43.41,-124.22,77.0,6.93
lae,98,PG,1562867031,93,-6.72,146.98,69.33,1.01
skjervoy,0,NO,1562867031,80,70.03,20.97,46.65,3.02
banjar,95,ID,1562867031,97,-7.37,108.54,68.07,1.1
norwich,20,GB,1562867031,64,52.63,1.29,77.0,6.93
hvide sande,75,DK,1562867032,100,56.01,8.13,63.0,2.24
syracuse,1,US,1562867032,78,43.05,-76.15,86.0,4.7
muravlenko,84,RU,1562867032,85,63.79,74.5,62.31,16.17
strezhevoy,0,RU,1562867032,68,60.73,77.6,69.8,8.95
kindu,92,CD,1562867032,68,-2.95,25.92,76.53,2.91
vardo,40,US,1562867032,66,39.62,-77.74,87.8,4.7
tazovskiy,100,RU,1562866906,98,67.47,78.7,52.77,18.14
emirdag,63,TR,1562867033,76,39.02,31.15,57.99,8.03
sinnamary,10,GF,1562867033,80,5.38,-52.96,81.39,15.1
petatlan,75,MX,1562867033,55,17.52,-101.27,89.6,6.93
airai,0,TL,1562867033,78,-8.93,125.41,66.99,5.46
samarai,100,PG,1562867033,84,-10.62,150.67,69.33,9.4
iwanai,98,JP,1562867034,69,42.97,140.51,56.73,8.25
ballina,75,IE,1562867034,82,54.11,-9.15,64.99,13.87
novo cruzeiro,0,BR,1562867034,43,-17.47,-41.88,74.91,3.71
hasaki,75,JP,1562867034,93,35.73,140.83,66.2,2.24
katobu,3,ID,1562867034,91,-4.94,122.53,70.77,2.75
pozo colorado,10,PY,1562867037,33,-23.49,-58.8,88.05,12.37
orumiyeh,20,IR,1562867038,56,37.55,45.08,73.4,6.93
libiaz,20,PL,1562866747,37,50.1,19.32,68.0,8.05
kenora,40,CA,1562867038,50,49.76,-94.48,75.2,10.29
angoram,100,PG,1562867038,98,-4.06,144.07,72.39,1.43
mulchen,99,CL,1562866899,88,-37.72,-72.23,50.07,4.63
san borja,13,BO,1562867038,44,-14.86,-66.75,87.51,5.82
jackson,1,US,1562866977,38,43.48,-110.76,79.0,7.72
hervey bay,0,AU,1562867038,93,-25.3,152.85,54.0,6.93
ishigaki,5,JP,1562867039,85,24.34,124.16,84.09,21.39
moscow,75,RU,1562866881,100,55.75,37.62,59.0,6.71
micco,75,US,1562867039,55,27.85,-80.5,93.99,14.99
troitskoye,0,RU,1562867039,71,52.98,84.68,60.69,9.04
aubenas,0,FR,1562866771,34,44.62,4.39,84.99,9.17
iqaluit,75,CA,1562866820,87,63.75,-68.52,42.8,12.75
albanel,90,CA,1562867039,68,48.88,-72.44,75.99,5.82
srednekolymsk,52,RU,1562867042,50,67.46,153.71,73.83,2.53
deputatskiy,20,RU,1562867043,92,69.3,139.9,55.29,5.14
vaitape,0,PF,1562867043,69,-16.52,-151.75,77.97,9.13
isangel,38,VU,1562867043,81,-19.55,169.27,74.01,12.64
vallenar,94,CL,1562867043,56,-28.58,-70.76,61.23,9.22
aykhal,90,RU,1562867043,52,65.95,111.51,66.2,6.71
inongo,100,CD,1562867046,56,-1.93,18.29,78.51,2.55
sarkand,0,KZ,1562867047,28,45.41,79.91,64.11,2.51
buin,40,CL,1562867047,43,-33.73,-70.74,55.4,4.7
uberaba,0,BR,1562867047,20,-19.75,-47.94,77.0,6.93
limenaria,40,GR,1562866789,53,40.63,24.58,75.2,3.36
batemans bay,13,AU,1562867047,86,-35.71,150.18,55.99,5.01
plettenberg bay,20,ZA,1562867047,88,-34.05,23.37,56.91,7.63
ust-ishim,97,RU,1562867048,70,57.69,71.17,68.97,11.07
dubbo,0,AU,1562867048,86,-32.25,148.6,41.0,3.36
grants pass,1,US,1562867048,53,42.44,-123.33,79.0,1.61
nhulunbuy,90,AU,1562866844,100,-12.18,136.78,69.8,3.36
umea,0,SE,1562867048,58,63.83,20.26,59.0,4.7
aquiraz,20,BR,1562867049,62,-3.9,-38.39,86.0,17.22
roald,21,NO,1562867049,82,62.58,6.12,68.0,14.99
langsa,46,ID,1562867049,94,4.47,97.97,70.23,2.82
udalguri,100,IN,1562867049,99,26.75,92.1,65.19,2.08
nuuk,75,GL,1562867049,66,64.17,-51.74,51.8,6.93
shar,94,NG,1562867049,92,7.3,8.73,75.27,3.69
saint anthony,1,US,1562867049,41,43.97,-111.68,80.6,4.7
straubing,90,DE,1562867050,100,48.88,12.57,59.0,5.82
petropavlovsk-kamchatskiy,90,RU,1562867050,100,53.05,158.65,53.6,4.47
kununurra,49,AU,1562867050,72,-15.77,128.74,59.0,3.36
salina,1,US,1562867050,51,38.84,-97.61,82.99,4.7
morondava,0,MG,1562867050,57,-20.3,44.28,76.89,17.69
rio grande,0,BR,1562867050,56,-32.03,-52.1,73.4,4.7
isiro,100,CD,1562867051,96,2.77,27.62,68.79,1.39
lompoc,1,US,1562867051,77,34.64,-120.46,80.01,9.17
nara,90,JP,1562867051,100,34.68,135.8,71.6,10.29
honiara,20,SB,1562867051,100,-9.43,159.96,73.4,8.16
vestmanna,73,FO,1562867051,100,62.16,-7.17,51.8,13.87
atasu,92,KZ,1562867051,30,48.68,71.64,74.19,12.55
lazaro cardenas,20,MX,1562867052,33,28.39,-105.62,91.99,10.29
hambantota,65,LK,1562867052,82,6.12,81.12,82.83,15.57
cervo,0,BR,1562867052,42,-22.19,-46.24,68.0,3.94
wajir,20,KE,1562867052,48,1.75,40.07,86.0,17.22
fountain hills,1,US,1562867037,16,33.61,-111.72,105.01,8.05
remedios,100,CO,1562867052,40,7.03,-74.7,83.91,3.24
kampene,89,CD,1562867052,62,-3.59,26.67,74.19,1.43
vila franca do campo,20,PT,1562867053,73,37.72,-25.43,73.4,6.93
satkhira,75,BD,1562867053,94,22.72,89.08,84.2,9.17
bodden town,20,KY,1562867053,70,19.28,-81.25,89.6,18.34
hachinohe,75,JP,1562867053,100,40.47,141.48,64.99,6.93
tazmalt,20,DZ,1562867053,69,36.39,4.4,80.6,8.05
pochutla,90,MX,1562867053,62,15.74,-96.47,89.01,5.5
husavik,72,CA,1562867054,44,50.56,-96.99,81.0,5.01
henties bay,0,NA,1562867054,90,-22.12,14.28,55.99,5.99
wanaka,83,NZ,1562867054,77,-44.7,169.14,45.0,1.01
zambezi,0,ZM,1562867054,26,-13.55,23.12,65.55,5.3
kibuye,40,RW,1562867057,73,-2.07,29.35,71.6,6.93
yumen,0,CN,1562867078,20,40.29,97.04,75.99,11.03
padang,47,ID,1562867079,74,-0.92,100.36,83.19,4.61
cururupu,1,BR,1562867079,87,-1.82,-44.87,79.23,4.94
zamora,0,ES,1562866851,17,41.51,-5.74,96.01,4.7
hagi,60,JP,1562867079,82,34.43,131.51,73.0,1.01
naples,0,IT,1562867045,37,40.84,14.25,84.2,8.05
marawi,92,PH,1562867079,94,8.0,124.29,73.99,4.0
gerash,0,IR,1562867079,39,27.67,54.14,96.8,7.43
trinidad,20,BO,1562867050,52,-14.83,-64.9,89.6,10.29
pajapan,40,MX,1562867080,62,18.26,-94.69,87.8,9.17
san jose,1,HN,1562866908,48,14.25,-87.96,87.8,9.17
tigil,20,RU,1562867080,87,57.8,158.67,52.59,1.1
san antonio,75,CL,1562867080,81,-33.58,-71.61,53.6,5.82
grand gaube,20,MU,1562867080,82,-20.01,57.66,68.0,5.82
yeppoon,0,AU,1562867080,87,-23.13,150.74,50.0,1.3
tiksi,90,RU,1562867081,58,71.64,128.87,54.03,10.98
carutapera,14,BR,1562867081,84,-1.2,-46.02,80.31,8.48
abbeville,0,FR,1562867081,60,50.11,1.83,78.8,9.17
semey,26,KZ,1562867081,60,50.41,80.25,64.47,11.27
teacalco,75,MX,1562867081,73,18.62,-99.46,81.0,2.77
verkhoyansk,66,RU,1562867081,69,67.55,133.39,61.41,2.28
saint-leu,20,RE,1562867082,77,-21.15,55.28,69.8,6.93
xuanzhou,75,CN,1562867082,85,30.95,118.78,72.75,2.06
cockburn town,48,TC,1562867082,82,21.46,-71.14,81.21,15.73
mukhen,100,RU,1562867082,94,48.19,136.14,65.73,1.14
coolum beach,0,AU,1562867082,90,-26.53,153.09,48.0,3.65
saint-joseph,0,FR,1562867082,74,43.56,6.97,89.6,6.93
lewistown,75,US,1562867083,65,40.39,-90.15,84.99,8.05
angoche,64,MZ,1562867083,81,-16.23,39.91,67.53,5.46
hokitika,93,NZ,1562867083,75,-42.72,170.96,49.89,10.13
iberia,15,PE,1562867083,33,-11.41,-69.49,91.83,3.89
ust-ilimsk,68,RU,1562867083,64,57.96,102.73,61.77,3.74
chiang klang,100,TH,1562867083,97,19.29,100.86,70.77,2.57
pedernales,67,EC,1562867083,87,0.07,-80.05,75.09,17.18
umm lajj,0,SA,1562867084,75,25.02,37.27,85.71,1.12
manado,40,ID,1562867084,94,1.49,124.85,73.4,2.24
toora-khem,100,RU,1562867084,99,52.47,96.11,52.95,4.18
calvinia,0,ZA,1562867084,49,-31.47,19.78,52.77,2.35
svirstroy,99,RU,1562867084,89,60.8,33.72,46.83,3.58
itarema,51,BR,1562867084,63,-2.92,-39.92,84.09,12.08
alassio,75,IT,1562867085,78,44.0,8.17,79.0,9.17
longyan,100,CN,1562867085,98,25.1,117.03,69.69,1.77
abu samrah,0,SY,1562867085,50,35.3,37.18,80.13,14.97
araouane,0,ML,1562867085,17,18.9,-3.53,103.71,6.42
baker city,1,US,1562867085,47,44.77,-117.83,77.0,6.93
ambilobe,98,MG,1562867086,70,-13.19,49.05,71.67,5.91
haines junction,100,CA,1562867086,46,60.75,-137.51,62.31,6.02
chernyshevskiy,42,RU,1562867086,68,63.01,112.47,61.05,2.59
mitsamiouli,20,KM,1562867086,65,-11.38,43.28,77.0,5.82
lazarev,100,RU,1562867086,97,52.23,141.51,50.97,14.72
sampit,27,ID,1562867086,96,-2.54,112.95,74.37,4.7
carlsbad,0,CZ,1562867086,45,50.23,12.87,66.2,4.7
dawlatabad,0,AF,1562867087,14,36.41,64.91,87.87,9.95
santa fe,100,AR,1562866991,63,-31.62,-60.7,73.0,1.99
kambove,0,CD,1562867087,44,-10.88,26.6,61.23,4.63
swan river,31,CA,1562867087,50,52.11,-101.27,75.63,11.48
port macquarie,0,AU,1562867087,50,-31.43,152.91,55.4,5.82
sattahip,20,TH,1562867087,70,12.67,100.9,84.2,6.93
juquitiba,0,BR,1562867088,35,-23.93,-47.07,73.4,8.05
ketchikan,90,US,1562867088,93,55.34,-131.65,60.8,12.75
laguna,40,BZ,1562867088,70,16.17,-88.94,87.8,6.93
hamilton,75,CA,1562866811,74,43.26,-79.87,90.0,16.11
comodoro rivadavia,0,AR,1562867088,50,-45.87,-67.48,53.6,18.34
norman wells,90,CA,1562867088,76,65.28,-126.83,51.8,18.34
naze,99,NG,1562867088,92,5.43,7.07,73.83,6.17
mansa,20,IN,1562867089,70,23.43,72.66,89.6,8.05
kavaratti,100,IN,1562867089,81,10.57,72.64,83.73,10.47
san quintin,0,PH,1562867089,89,17.54,120.52,75.81,2.82
bonthe,100,SL,1562867089,87,7.53,-12.5,77.25,12.06
dingle,36,PH,1562867053,86,11.0,122.67,74.91,2.04
severnoye,100,RU,1562867089,80,54.09,52.54,59.97,7.16
hami,100,CN,1562867090,32,42.84,93.51,79.23,22.66
fujin,52,CN,1562867090,80,47.24,132.03,59.07,3.49
tari,87,NG,1562867090,47,12.41,4.49,90.39,10.04
filingue,86,NE,1562867007,23,14.35,3.32,100.11,8.21
muzhi,80,RU,1562867090,81,65.4,64.7,58.17,8.79
rafaela,100,AR,1562867090,39,-31.25,-61.49,78.01,3.0
rosarito,75,CO,1562867091,82,4.91,-75.23,84.2,10.29
chateaudun,0,FR,1562866991,35,48.08,1.33,84.2,12.75
viedma,100,AR,1562867091,42,-40.81,-62.99,58.89,6.31
pisco,7,PE,1562866964,30,-13.71,-76.2,71.6,10.29
santa ana,57,MX,1562867091,22,30.54,-111.12,97.0,1.99
steinbach,75,CA,1562867091,61,49.53,-96.69,80.01,24.16
burgeo,31,CA,1562867091,78,47.61,-57.61,56.37,5.97
yarada,40,IN,1562867092,83,17.65,83.27,84.2,11.41
dandong,22,CN,1562867092,96,40.12,124.37,63.21,3.02
vila do maio,20,CV,1562867092,48,15.13,-23.22,86.0,16.11
katsuura,90,JP,1562867092,94,33.93,134.5,75.2,3.36
sibolga,92,ID,1562867016,75,1.74,98.78,83.55,4.99
camacha,75,PT,1562867092,64,33.08,-16.33,73.4,14.99
labytnangi,100,RU,1562867092,83,66.66,66.39,55.29,4.23
daru,98,PG,1562867093,82,-9.07,143.21,71.85,7.02
soure,0,PT,1562867093,51,40.06,-8.63,93.0,12.75
uppsala,26,SE,1562867093,63,59.86,17.64,66.2,8.05
santa cruz cabralia,75,BR,1562867055,62,-16.28,-39.02,75.2,4.7
tiebissou,79,CI,1562867093,62,7.16,-5.23,86.0,8.99
rawson,0,AR,1562866889,39,-43.3,-65.11,53.85,10.31
ola,0,RU,1562867093,83,59.58,151.3,50.97,2.82
muret,0,FR,1562867094,41,43.46,1.33,84.99,1.01
ames,90,US,1562866810,73,42.03,-93.62,79.0,5.82
ostersund,0,SE,1562866809,52,63.18,14.64,72.0,6.93
valdosta,40,US,1562866973,62,30.83,-83.28,90.0,9.17
komsomolskiy,52,RU,1562867094,88,67.55,63.78,57.45,8.81
sisimiut,44,GL,1562867094,92,66.94,-53.67,41.25,7.45
half moon bay,90,US,1562867094,100,37.46,-122.43,75.99,4.7
chipinge,0,ZW,1562867094,43,-20.19,32.62,60.69,7.18
gazojak,0,TM,1562867095,17,41.19,61.4,92.73,15.86
acapulco,75,MX,1562867095,66,16.86,-99.88,87.8,5.82
kazerun,0,IR,1562867095,25,29.62,51.65,83.01,2.57
muli,100,CN,1562867095,98,28.08,109.56,67.35,2.84
thinadhoo,66,MV,1562867095,76,0.53,72.93,84.09,11.05
emba,0,CY,1562867095,83,34.81,32.42,87.01,8.05
cajamarca,0,PE,1562866910,35,-7.16,-78.52,69.8,4.7
yongan,0,CN,1562867096,62,39.7,113.69,65.01,3.36
tarakan,19,ID,1562867096,88,3.3,117.63,76.53,6.31
cochabamba,0,BO,1562866846,12,-17.39,-66.16,77.0,3.36
puerto quijarro,0,BO,1562867096,42,-19.0,-57.72,86.0,9.17
mahon,20,IE,1562867096,64,51.89,-8.4,68.0,17.22
cayenne,56,GF,1562867096,88,4.94,-52.33,77.0,4.7
caracoli,75,CO,1562867097,74,8.13,-76.58,84.2,6.93
tanout,100,NE,1562867097,18,14.97,8.88,100.11,9.19
vagur,99,FO,1562867097,95,61.47,-6.81,50.97,15.21
marechal floriano,75,BR,1562867097,61,-20.41,-40.67,77.0,12.75
charlestown,90,US,1562866875,69,41.38,-71.64,84.0,6.93
waingapu,97,ID,1562867097,87,-9.65,120.26,68.79,13.62
muscat,0,OM,1562867097,63,23.6,58.55,91.4,3.36
sevsk,89,RU,1562867098,93,52.15,34.49,56.55,3.44
sungairaya,5,ID,1562867098,78,0.7,108.9,81.93,4.83
intipuca,0,SV,1562867101,49,13.2,-88.05,93.2,4.7
menongue,0,AO,1562867101,21,-14.66,17.68,58.71,3.67
ambovombe,50,MG,1562867101,65,-25.18,46.09,72.03,12.21
lloydminster,90,CA,1562866862,87,53.28,-110.01,59.0,8.05
dicabisagan,8,PH,1562867102,95,17.08,122.42,74.37,2.77
poronaysk,100,RU,1562867102,98,49.22,143.1,49.35,2.91
coihaique,75,CL,1562867102,100,-45.58,-72.07,44.6,6.93
verkhniy ufaley,61,RU,1562867102,92,56.06,60.23,55.83,4.07
iquique,75,CL,1562867103,59,-20.22,-70.14,64.4,8.05
keflavik,75,IS,1562867103,76,64.0,-22.56,55.4,8.05
